0.551697332699711
0.457686126597748
0.459876763323756
0.114465580813122
0.360742476848114
0.424536853610844
0.500829903359606
0.0208137331190846
0.169444106780084
0.807775816623894
0.493209204483487
0.707181248744141
0.495799005803655
0.184747231977351
0.163341121029333
0.817151568737928
0.528963294641935
0.503393564459781
0.47964799971809
0.881818763047729
0.81695918311283
0.671731662229303
0.798279583554239
0.169262584241581
0.999115103629346
0.727369391972616
0.104513211050552
0.0414856270796765
0.732877215999508
0.806509592763589
0.835653530469727
0.743601863348056
0.0559430948423504
0.127471719976488
0.807791930554472
0.720431687603145
0.0301131633445987
0.34989180889733
0.988286970792143
0.659209734847234
0.405925807940442
0.471523098994763
0.529263476828117
0.472889239880493
0.669241561772444
0.312574990925349
0.834320367978835
0.5320477029141
0.208418119955087
0.75404493433036
0.00215323253028854
0.474693979284246
0.929374593928292
0.896691947891472
0.611221603211133
0.914820009880869
0.238013814157277
0.0789562550459076
0.673317870421522
0.127094633865095
0.844820336907331
0.596909237368538
0.880545359068515
0.680099199050945
0.655401587237549
0.186921927465724
0.702418789283222
0.280798836849395
0.677793018688924
0.221434262767012
0.483865104797286
0.743547357760176
0.99384099916052
0.409357080577908
0.0463084661146733
0.981642418522151
0.247517187166842
0.983081179853762
0.413480137948989
0.112310932032367
0.425045688250314
0.0492338673196083
0.268614474230428
0.411346029152947
0.500952910722484
0.861540448617839
0.493658965315526
0.330739885864653
0.601396015072892
0.298059499673728
0.140858286425206
0.92771264389816
0.221706969020157
0.53415768033742
0.415366179624405
0.0338708148669791
0.373818954727414
0.246583733838786
0.912641306713353
0.234662818696264
0.190937656967508
0.542911390987464
0.858904728466869
0.263828729339334
0.500507770631999
0.787519581569256
0.614250098695537
0.207948204414934
0.0643680892575873
0.966727834044863
0.467734495776356
0.727075468592438
0.578749201014133
0.205246590188624
0.925736215036091
0.440579262246321
0.912352142873295
0.227537709900457
0.978797929292234
0.214388452057762
0.11108188352135
0.627463255275419
0.249073020784357
0.13246446577057
0.724264020869529
0.287878010959449
0.897787450972298
0.149980837871923
0.698143586258249
0.869795087439995
0.444957597417561
0.286026176621525
0.41128412054347
0.461834598557924
0.729278224265771
0.403689323538838
0.357398490738379
0.361113608039238
0.402918406199921
0.788471834801765
0.523247161254282
0.919904241165361
0.94636086567728
0.677398357403257
0.560357940636017
0.802892891997843
0.643791592563936
0.197898923328676
0.927518594947498
0.636513199319013
0.174902324361534
0.0804544530442567
0.529660797412511
0.284441887582738
0.577724696578853
0.776394067338754
0.121109858906881
0.316921087139766
0.0625067158579915
0.714101900456778
0.459640341992577
0.763647194351915
0.614858723676598
0.241858851541409
0.629503007958882
0.143794586454614
0.631688273638722
0.354260782513808
0.95226223680035
0.483863573552598
0.460978017187196
0.111366466584912
0.75550918822995
0.203980966199941
0.401428911474671
0.548136541019129
0.269015886096425
0.11221325026726
0.962583942626787
0.232965001794578
0.505739118083863
0.183679252003028
0.699028530350968
0.296453850437637
0.957628340287454
0.520971464686881
0.421331376237761
0.662289660425664
0.409257522340502
0.727103184497441
0.807769435546624
0.781149735227167
0.672296013263662
0.134914529495509
0.138148759967434
0.787662757042875
0.635852325141261
0.530981221941351
0.247783144417099
0.874373046354794
0.989004343022533
0.388392587940345
0.489915530525556
0.305882032026701
0.371521637262703
0.0289787939609176
0.234959565300183
0.673491297202923
0.507756893163675
0.67969869867457
0.487931242382383
0.671368400310514
0.00573600643605154
0.414089487825285
0.317960873928458
0.974034035507583
0.0579472599824309
0.330041496952414
0.964027539357399
0.864468607125836
0.490674420439294
0.818080204179641
0.180170166165214
0.672272705162138
0.799336839693789
0.199013412189135
0.792260597767089
0.664842913232699
0.535189740010427
0.829955602249327
0.43604724967851
0.312968563055642
0.168181951993371
0.950951022414069
0.145559599671204
0.92067822347264
0.130015855023619
0.0256051880055914
0.672735483200584
0.0398783617892534
0.80990300897944
0.198863918592417
0.792281816015233
0.588111926589204
0.0636780328518385
0.21357992910248
0.660106584280231
0.185403866929084
0.262375949075175
0.408289170526669
0.635290884912174
0.376948197310358
0.0613288285349215
0.302101650227418
0.948744166307039
0.835298394600142
0.955508614376528
0.192279065242599
0.895153923074032
0.17453757201587
0.602909853911841
0.573136261812351
0.171135061312725
0.800569555824167
0.188841201132704
0.0184590974140558
0.897474898018249
0.809492380507106
0.243055907836327
0.0383941023212202
0.921507004457448
0.925204459139877
0.820213452701912
0.705494944632871
0.605573380963433
0.179913508618838
0.720204241849482
0.711500226082417
0.911586711605187
0.865509103372948
0.500706711765169
0.309393549990731
0.30706701020809
0.931061266484608
0.347641201457732
0.452085997612526
0.29842747287279
0.428119397094445
0.250354858533158
0.984897439812584
0.746430139961751
0.289689065374153
0.43126278770126
0.996087462825751
0.133779176943547
0.417189902974005
0.618739006218955
0.874486852452862
0.482951235959225
0.92512084915964
0.503700387710516
0.275233999212096
0.164105142031249
0.277229108691035
0.895757761652297
0.363049363991283
0.458440412324619
0.326405037684419
0.417841125873164
0.881635943368822
0.979209042084341
0.873712208534172
0.019100185192049
0.868234653354451
0.734053901113686
0.741864039327807
0.966794573202846
0.667609452462255
0.649725401323665
