0.551697332699711
0.26386582241482
-0.175914980227088
0.438925779344888
0.422759516678712
0.349573121694748
0.379605214240625
0.0152274372839654
0.0405377054540995
0.692442976446916
0.324325947722201
0.552085680250573
0.304128148284735
0.0203726582695416
-0.0748957366361893
0.484191037304825
0.419225174675973
0.0461551393184864
-0.0761386349074142
0.835572491992094
0.284274364801901
0.673814290410416
0.767006652743253
-0.181943293513747
0.455896850550876
0.446709541927588
0.0496422210306784
-0.250379006812032
0.50317187933948
0.806509592763589
-0.040257506165351
0.296652670653267
-0.654271365577402
-0.628556316079432
0.322828171933006
0.29628320461059
-0.512214185727033
-0.0652610963293273
0.42374467848031
0.258037730965806
0.141082703105481
0.166683607546072
-0.216074631672016
-0.257710870913646
-0.0162307866174912
-0.308666953199917
-0.0490523584881323
0.126832198287808
-0.355178961951851
0.004312808356006
-0.556229538667136
0.234383785194448
0.367817463550492
0.469963487859048
0.386797239752965
0.240885663371676
-0.639494327473533
-0.419270477596508
0.673317870421522
-0.287487229567675
0.346107011344502
-0.265779602970703
0.300771425056118
0.360451586643184
0.197272897218225
-0.201975928604975
-0.186198968558594
-0.175239840228333
0.271053795837216
-0.626720229515746
0.0702051304377428
0.554291238113594
0.334530372975878
-0.109588825301459
-0.69959134559562
0.476840621584559
-0.225349675126908
0.483445155590989
0.0190384198296583
-0.270526892879104
-0.552685411016372
-0.302654784373217
-0.259299326073972
-0.0696451779594433
0.237231777281598
0.588217516881212
-0.190390978465948
0.330739885864653
0.386221549080823
-0.0102650006873418
-0.236775612137732
0.669072244986757
-0.578070255990037
0.217495163571763
-0.0264040186356155
-0.166051133136391
-0.0565369080947196
-0.150412768827748
0.47685148731482
-0.171572233570157
-0.0945681815593812
-0.155383348837596
0.618149504703446
0.0705310354877196
0.0710291338784744
-0.00289049215385229
0.298496437564624
0.149808489941557
-0.409223924255321
0.410106849104231
-0.132174924133283
0.308237576605653
0.0449741213096853
-0.453099258460854
0.630678569181967
0.42948507523432
0.912352142873295
-0.303166923970871
0.193698574124129
-0.581671743441068
-0.449567150267816
0.237908700852469
0.0646770600324151
-0.512942334943584
0.293080719462293
-0.463149624607713
0.199321737063235
-0.407976906988327
0.165714979501955
0.898835015632098
-0.0272660000316488
-0.340676938366199
0.159531739715182
0.154795720389738
0.0985647663280628
-0.0355213756059755
-0.228100800983557
0.160668681288332
0.0647698679457824
0.125224421263703
0.66473234702229
0.384545284106303
0.631286690814379
0.451175899254408
0.0637358045909449
0.802892891997843
0.238454947812235
-0.433639161824788
0.473620514215935
0.240243983424234
-0.178168604068504
-1.14967411162756
0.190492266525778
-0.0993133636959672
0.0575364435265359
0.197716224350601
-0.23374157295997
-0.119761868023207
-0.350287467964492
0.246131894859104
-0.115067968701461
0.350885201044694
-0.00813287731129531
-0.185778197059459
-0.0737571808196865
-0.38689631882878
0.365787222689121
-0.230029431627062
0.348848803236793
0.186706634914461
0.216113015301291
-0.269360948898482
0.139803441210872
-0.106777329181761
0.401428911474671
0.681925783679269
-0.0647203609359105
-0.297327757864682
0.838492429106419
-0.325348155938254
0.443753887090612
-0.441618182893039
0.212507316417732
-0.213060784046255
0.681609756698571
-0.0933819170314616
-0.13930397564714
0.396328596725068
-0.202289180188674
0.0581317555361496
0.670508404950885
-0.176643600613766
0.476346863380858
-0.480021188562523
-0.198224911973653
0.289914624034839
-0.113373774194094
0.247155859367032
-0.00184697611240942
0.18808672406816
0.776765499266564
-0.00747872728734944
0.129585855401894
0.305882032026701
0.196611239947141
-0.261870608209122
0.0144097113416267
0.351555901033867
0.249113831999616
0.366938159262758
0.312307850064491
0.200393544871589
-0.278633206836839
0.0552602985132723
-0.0882728712121621
0.866160531062152
-0.34477273578519
-0.120752119497517
0.622554001550848
0.549500233956283
0.0205200250446064
0.274569432347461
-0.571130771593324
0.634521514931781
0.302796086377852
-0.0985039045078809
0.413652084048369
0.00805861744067993
-0.278361196516508
0.407646031264432
-0.0788913582355726
0.0417368922943062
0.168181951993371
0.801161061756406
-0.517310544175188
0.61094458993087
-0.504589607373239
-0.500357628790669
0.0910681205455576
-0.59819593070895
0.164540077103251
0.136114018700782
0.403053817393844
-0.121347944976831
-0.460459369403785
0.338832319833294
-0.186562196322449
-0.0198171635926492
-0.634646475029184
-0.244861071586476
0.0999579549507591
0.2768661525276
0.113144358665598
0.239106548306048
0.875992526887452
0.379249619870767
0.772687131552606
-0.551689509572201
0.143628556430596
-0.349711119101645
0.0280516407409565
0.573136261812351
-0.275958151846179
0.497127750553295
-0.116085832715843
-0.363253808935139
0.415881209439979
0.11030707937343
-0.299644090622902
-0.527565678397525
0.590775464506944
0.39393434700994
0.35956056035964
0.676685415220772
0.163176853328398
-0.379021148135075
0.105402245374344
0.217842505086123
0.275368852492521
0.204245700054174
0.00436963494850895
-0.494503758247667
0.00651659409007688
0.286708931613814
-0.0320882701345921
-0.23145475822476
-0.488320276103242
-0.381323656358119
-0.402074401606343
0.20506917198765
0.746430139961751
-0.228332841976656
-0.0914209471124182
0.521533274866469
-0.38289338044668
0.146185767583417
0.143619517262673
0.282354281978796
-0.190180392059397
0.421234441935827
-0.18692267870587
-0.0728498051082865
-0.499139678211923
-0.547109532202866
0.138614969955974
-0.570952458451525
-0.295703724633856
-0.225188750085889
0.0791200960379065
0.391235156277263
0.563926789194261
0.399626690147147
-0.247593430242301
0.0121248510485394
-0.0333890917886106
0.110604178730455
0.325058220062706
0.310311538256643
0.281038297034319
