0.197055448510852
0.241239022644252
0.19697213297163
0.198559757675215
0.365366032564998
0.224133855082195
0.405151059088627
0.248648551348205
0.334490165270921
0.349784388051138
0.373199955022618
0.411193301281892
0.492627529409467
0.576594718067779
0.334668453460624
0.479729099092824
0.41424534054823
0.453150292316394
0.385378447187642
0.570451115357028
0.513666972942071
0.478602201958132
0.601353345189864
0.488262086175554
0.520404564673845
0.476412363555976
0.571100264541133
0.493142380520787
0.574697683880544
0.00447727416181977
0.0297799725041372
0.0368293842828226
0.105848809107879
0.0286691716604423
0.0578245252485201
0.0721334519487288
0.103967359842492
0.15167952080384
0.111489609263051
0.119083152790898
0.137256174086306
0.134854838316507
0.144840555213563
0.0865941296225062
0.131947611225097
0.151764793849841
0.108579534575929
0.1460694063868
0.118644580844876
0.166621331157506
0.17841619824861
0.202467776504504
0.174441310194647
0.145991687465997
0.155817481806134
0.195504129644756
0.192100449468576
0.227004513261275
0.0213059492533715
0.0425288874655689
0.0363156955680733
0.0269482549908435
0.042231598421717
0.0744010673397423
0.0329899415713817
0.133835210969742
0.0671040131978948
0.221495907697888
0.0998568429249291
0.0920693502371857
0.0860462108770762
0.138403235554757
0.210263542293986
0.142245668541396
0.135178389929318
0.152412708289417
0.153395270847271
0.156353127269291
0.237636979501584
0.244304659695318
0.16450241323503
0.143625518459319
0.188865067143261
0.219897205843022
0.197772121894194
0.192554909120983
0.219772904072638
0.0483570458240824
0.0712573696137507
0.0688343962051276
0.0317181704964916
0.0526535759331636
0.0871571427127013
0.103762211194087
0.0962553224095986
0.116861878594095
0.121365202961177
0.169413182221442
0.182993319204044
0.25607005782563
0.119115058400176
0.112602648393375
0.124004223775425
0.11287554975816
0.173677088328958
0.150728218020308
0.185329018319806
0.145118557439493
0.25460451737546
0.134994783713351
0.171175818914268
0.201989544411579
0.190855149407675
0.167713075182851
0.2299358398328
0.193984382605741
0.0236041018709673
0.0352301255926344
0.0674210173628317
0.0786884864739611
0.112682839810521
0.0976587573850756
0.105071507954055
0.124669869929133
0.134556200745138
0.112694181630573
0.119746896727394
0.16387187259334
0.151771643777373
0.13165334099978
0.110473954864077
0.151118111531109
0.146751890533033
0.148325033778151
0.196083314184102
0.191495684270435
0.137299650181836
0.185356531151303
0.218384233998435
0.185261409927986
0.186144086194697
0.173620992960578
0.224153492991153
0.220160578013959
0.21187979590947
0.0315503817224237
0.0448070181312858
0.0518942609395296
0.0820367359724853
0.0962454842600383
0.0702878172186822
0.0538383631159824
0.104729515153791
0.0830771771336032
0.0990029570703943
0.111356787417009
0.0910048762344015
0.127408147466667
0.118518762296167
0.089483738305103
0.110545453802633
0.150213561953595
0.109238470187645
0.159701253179075
0.182780212314904
0.165624937085928
0.154279787706474
0.109195364556666
0.146496441358727
0.1664310489108
0.179932892804732
0.271289082833085
0.121708170708807
0.174936266464086
0.0254525764682945
0.00768712994714505
0.0629054280727187
0.0783315068679768
0.0711214837987806
0.0724110952963646
0.0760196871144939
0.0496521523092953
0.10431040012689
0.0807210700544567
0.0645711246595115
0.108063452049217
0.137437812020715
0.112497111933153
0.1310388687599
0.0939020105997158
0.121413837691586
0.111327882026141
0.163637779891169
0.124451822597884
0.189614058328174
0.149721527161366
0.184641142426359
0.227109330392183
0.17387379806544
0.139020932474285
0.142246736874318
0.184842790678792
0.200122278425552
0.0255617673604212
0.0546560496618325
0.0554312419262363
0.0992190335954576
0.0525963864403268
0.110170966295927
0.127221055822021
0.10801859170628
0.08326688273428
0.105456821214108
0.103298794738552
0.0889043372928824
0.118390602135475
0.16187086926864
0.117329616083167
0.148022508589846
0.132289156588741
0.15420743802266
0.162053629308332
0.166593723704853
0.121597145395297
0.158257365413029
0.168470741891122
0.156454085762474
0.166987867479276
0.205059619014623
0.175584286770537
0.191521775236321
0.20631127151892
0.00476269520456498
0.0657882304283602
0.0691855140270119
0.0607554598403173
0.0791174089443522
0.0908652730967067
0.0845309888347515
0.0812914409182027
0.136926299177874
0.126309389114444
0.139188028721884
0.147556070268741
0.181574762840753
0.0938492522200888
0.131013282513493
0.180091670994728
0.158103851009287
0.161941010571328
0.122358722202002
0.150614294189485
0.174175202425239
0.1504822612007
0.206257432927925
0.163688313239537
0.170606234653821
0.18222582808094
0.181025222121397
0.184121809921666
0.164205966817666
0.0566141310192763
0.0911701028539828
0.0863232862754304
0.0790741776157515
0.103990856257428
0.080716183171486
0.138586736196462
0.161304037461707
0.148918148429173
0.0845820024290448
0.170129283982851
0.184653050782702
0.180011727340668
0.143546526954379
0.144103481061949
0.162492553277654
0.119090718290709
0.226416583960528
0.194708582087863
0.154472830968489
0.227820572229233
0.216324512859012
0.174347527988547
0.153369549449219
0.242686225237768
0.211722968311555
0.276819498901756
0.249788522292657
0.232066668668518
0.0301211572358471
0.0376182591443609
0.0861911241028353
0.144086400384386
0.108037743278953
0.115247375800766
0.0871060823680796
0.107196407054624
0.0997651846527353
0.101593216788424
0.113547316417035
0.144826627248276
0.159505191289149
0.0947635848366654
0.10440753237255
0.153508228302815
0.145261841936047
0.261716529476703
0.133182607230349
0.20395704258119
0.172321472922024
0.1769178302952
0.144230837416284
0.229327565008599
0.189820571859225
0.222095330619085
0.174930026136923
0.175915533597487
0.212830464142607
