5.07471378009084
4.14526633808606
5.07686028938941
5.0362672260897
2.73698130332382
4.46161959617068
2.46821519422771
4.0217407042103
2.98962452061946
2.85890403963313
2.67952872593298
2.43194623278761
2.02993121638724
1.73432043108388
2.98803185558586
2.08450978248144
2.41402835980378
2.20677337509426
2.59485191062876
1.75299858844895
1.94678663935198
2.08941788380547
1.66291583475647
2.04808038206032
1.9215819150755
2.09902193246189
1.7510060178373
2.02781192511571
1.74004529346226
223.350182244268
33.5796146172087
27.152232367523
9.44743741973342
34.8806729348165
17.2937001333287
13.8631934696648
9.61840332884263
6.59284783272259
8.96944573229758
8.39749348722682
7.28564675984048
7.41538095691442
6.90414365317454
11.5481269268407
7.57876547150251
6.58914346755163
9.20983870400276
6.84606054571031
8.4285349813614
6.00163252239719
5.60487225832809
4.93905754912933
5.73258707403751
6.84970505757672
6.41776512114467
5.11498146774223
5.20560989194136
4.40519875853318
46.9352474329092
23.5134295673639
27.5363030876144
37.1081541398425
23.6789521915364
13.4406673957194
30.3122695090641
7.47187524683683
14.9022383661455
4.5147560981757
10.0143362308358
10.8613778355537
11.6216622417991
7.22526461171039
4.75593623644856
7.03009104076152
7.39763212539283
6.56113267209383
6.51910580082785
6.39577869317366
4.20809927014467
4.09324980230479
6.07893817685984
6.96255101967301
5.29478539957558
4.547579384496
5.05632437181915
5.19332383975573
4.55015145847773
20.6795097375859
14.0336361757455
14.5276207118892
31.5276696085171
18.9920624055878
11.4735289486982
9.63741990934931
10.3890358991752
8.55711042840047
8.239594015427
5.90272838800045
5.46468037384997
3.905181294882
8.39524417341443
8.8807857920581
8.06424143915474
8.85931454723837
5.75781186581113
6.63445778855601
5.39580908087686
6.89091745152546
3.92766008360064
7.40769363446969
5.84194663909182
4.95075130206925
5.23957568398617
5.96256433143177
4.34903928298937
5.15505416759465
42.3655178861088
28.3847980436684
14.832170132029
12.7083394891692
8.87446572771436
10.2397370883691
9.51732795571258
8.02118427306001
7.43183884846817
8.87357257962203
8.35094710033709
6.10232850930785
6.58884607896095
7.59570545195411
9.05190731363207
6.61734050186395
6.81422226567438
6.74195025969584
5.09987300123408
5.22204980133012
7.28333975123479
5.39500817040928
4.57908513673733
5.39777820102262
5.37218248746325
5.75967216261144
4.46122871723204
4.54213923773672
4.7196571797118
31.695337596796
22.3179323620682
19.2699535920795
12.1896609871874
10.3900978595336
14.2272166012605
18.5741159671911
9.54840666006657
12.037000226811
10.1007083989316
8.98014412229041
10.988422174481
7.84879161877482
8.43748264516207
11.1752148372524
9.04605269236481
6.65718851876323
9.15428418470385
6.26169162792159
5.4710517475335
6.03773814254305
6.48173046428193
9.15789790216838
6.82610437990975
6.00849424758451
5.5576275377578
3.68610483531792
8.21637523739103
5.71636756752949
39.2887533898845
130.087562832393
15.8968793415411
12.7662551122046
14.0604490596573
13.8100383084553
13.1544871855877
20.1401138418081
9.5867717771529
12.3883392443308
15.4867985538904
9.25382246297808
7.2760180426132
8.88911708768321
7.63132351083006
10.6493992366445
8.23629348196856
8.98247574462243
6.11105822057151
8.03523788664068
5.27387056011034
6.67906625693328
5.41591103076517
4.40316563953208
5.7512978443344
7.19316136212057
7.03003824181602
5.41000271813542
4.99694490722088
39.1209256347572
18.2962363029746
18.0403679450431
10.0787113496516
19.0127129956836
9.07680157142245
7.86033407393645
9.25766559444842
12.0095765226517
9.48255398263625
9.68065506021625
11.2480451511116
8.44661638645689
6.17776382197841
8.52299729073665
6.75572931121504
7.55919854496305
6.48477150533464
6.17079669408294
6.00262709639444
8.2238772690685
6.31882122762591
5.93574877616598
6.39165155148575
5.98845901259325
4.87663053703758
5.69527045040686
5.22133840272776
4.84704491731221
209.965147263993
15.2002872472599
14.4538927557808
16.4594260767392
12.639443244449
11.0053045120517
11.8299810966944
12.3014180669552
7.30319891798838
7.91706782061894
7.18452591923786
6.77708479345321
5.50737329546746
10.6553859124511
7.63281387058606
5.55272764407453
6.32495662576405
6.17508805503931
8.17269077352002
6.63947605624946
5.74134541585638
6.64530152604688
4.84831012295902
6.10917163363172
5.86145050343036
5.4876962861479
5.52409210319539
5.43118710610898
6.08991268332165
17.6634345877271
10.9685079724171
11.584359715052
12.6463534639506
9.61623008011889
12.3890892843068
7.21569774601221
6.19947284479718
6.71509826403469
11.8228461289846
5.87788284644049
5.41556175628418
5.55519362417719
6.96638240727211
6.93945762191622
6.15412817282327
8.39696001798331
4.4166376089056
5.13588044901249
6.47363030592733
4.38941922678431
4.62268462683073
5.73567065468051
6.52019911117429
4.12054701094084
4.72315312776306
3.61246228667911
4.00338650800128
4.3091065413982
33.1992556650481
26.5828356427255
11.6021227290979
6.94028025776378
9.25602451189675
8.67698715959273
11.4802545679227
9.32867087131409
10.0235368027516
9.84317685385024
8.80690122457156
6.90480762412357
6.26938842502758
10.5525767279024
9.57785302722957
6.5143087836788
6.88412033519622
3.82092794062141
7.50848793844698
4.9029932349697
5.80310731473672
5.65234153240194
6.93333005558141
4.36057479598016
5.26813290153619
4.50257102304909
5.71657148908941
5.6845463248749
4.69857547897819
